6000
0 455
1 5758
2 2122
3 4403
4 4924
5 4692
6 3059
7 4624
8 1247
9 5461
10 122
11 5355
12 5915
13 1343
14 5727
15 4533
16 4083
17 4920
18 4222
19 3296
20 4783
21 1605
22 4742
23 276
24 198
25 1423
26 5581
27 5922
28 3035
29 2524
30 5453
31 454
32 505
33 2504
34 817
35 1587
36 5422
37 2449
38 4276
39 1707
40 4596
41 3864
42 2849
43 541
44 1194
45 4547
46 2179
47 1974
48 464
49 3406
50 2919
51 1387
52 3734
53 1284
54 773
55 5421
56 289
57 2693
58 4448
59 1212
60 1219
61 4463
62 5496
63 185
64 3462
65 1414
66 1366
67 1595
68 3515
69 5538
70 4418
71 2437
72 4428
73 1809
74 5945
75 5098
76 3838
77 1178
78 588
79 2534
80 1348
81 1970
82 585
83 4719
84 789
85 4737
86 5169
87 5793
88 1067
89 5549
90 2567
91 4351
92 1609
93 5468
94 3862
95 1364
96 1630
97 460
98 4245
99 2255
100 5229
101 4315
102 3449
103 5223
104 2389
105 1601
106 5698
107 1442
108 246
109 5517
110 3016
111 469
112 5510
113 5530
114 1885
115 3362
116 1991
117 4321
118 1782
119 5873
120 2495
121 2138
123 2635
124 2323
125 2716
126 4436
127 5144
128 1978
129 1608
130 4666
131 5455
132 1910
133 2838
134 1834
135 4530
136 2585
137 3701
138 1962
139 2416
140 3672
141 712
142 5467
143 4670
144 1162
145 1116
146 4981
147 2709
148 3731
149 2999
150 1996
151 5906
152 2253
153 3627
154 4951
155 2445
156 5464
157 2566
158 3424
159 4697
160 1177
161 5968
162 5259
163 2245
164 5239
165 3122
166 3009
167 5838
168 518
169 2723
170 2553
171 2753
172 4730
173 645
174 2306
175 972
176 1234
177 1049
178 3688
179 5529
180 3950
181 3105
182 4708
183 4994
184 910
186 4037
187 3382
188 4297
189 1555
190 5582
191 4876
192 3469
193 2150
194 5294
195 1305
196 583
197 2436
199 1594
200 5089
201 3860
202 4611
203 4681
204 4972
205 1018
206 1841
207 3845
208 4803
209 250
210 1057
211 1632
212 2133
213 2227
214 231
215 1914
216 5456
217 801
218 3304
219 963
220 5796
221 714
222 3554
223 760
224 3434
225 5738
226 4898
227 3998
228 4525
229 3084
230 1280
232 1625
233 1372
234 3990
235 2025
236 913
237 2382
238 2173
239 2996
240 5643
241 1200
242 3416
243 1675
244 392
245 1535
247 3252
248 4262
249 3355
251 3133
252 3771
253 4249
254 5934
255 5039
256 4592
257 3867
258 3444
259 1711
260 1543
261 1808
262 2569
263 3522
264 2373
265 5892
266 5276
267 3223
268 3197
269 4683
270 1722
271 4782
272 1911
273 3499
274 2990
275 2194
277 937
278 1037
279 2955
280 1811
281 3707
282 4139
283 885
284 1059
285 2349
286 3500
287 2943
288 5541
290 1939
291 4543
292 902
293 2063
294 472
295 1466
296 391
297 5769
298 3328
299 1783
300 361
301 4795
302 532
303 4930
304 2895
305 5690
306 1740
307 5862
308 2751
309 4585
310 440
311 4207
312 3799
313 5271
314 1739
315 4082
316 2527
317 1408
318 2603
319 728
320 1668
321 1169
322 3777
323 3550
324 3979
325 1421
326 4553
327 4330
328 1137
329 1502
330 2371
331 2896
332 1218
333 4980
334 4201
335 3600
336 1570
337 2429
338 1737
339 377
340 1298
341 4568
342 2247
343 2711
344 436
345 351
346 477
347 3618
348 2537
349 2278
350 5354
352 3408
353 5149
354 3566
355 2713
356 673
357 5849
358 3961
359 4882
360 3922
362 2226
363 2794
364 5489
365 4067
366 3292
367 5679
368 381
369 3886
370 2594
371 2994
372 3973
373 5339
374 4526
375 4375
376 2453
378 3974
379 975
380 1759
382 2496
383 4698
384 1588
385 3923
386 2467
387 5981
388 4443
389 4055
390 1874
393 4644
394 2166
395 3859
396 2241
397 2145
398 3114
399 2236
400 3445
401 4422
402 2827
403 3347
404 1509
405 5324
406 3877
407 4885
408 2521
409 3187
410 3750
411 1792
412 1621
413 804
414 587
415 1487
416 5640
417 4940
418 4770
419 744
420 3834
421 612
422 5407
423 674
424 967
425 4205
426 2588
427 683
428 927
429 2329
430 5876
431 4788
432 2535
433 5364
434 4150
435 2978
437 3689
438 1050
439 1960
441 1475
442 4869
443 4166
444 4445
445 1503
446 1308
447 3547
448 3070
449 5114
450 1746
451 1344
452 3284
453 3244
456 4029
457 1456
458 1923
459 465
461 5053
462 3278
463 3297
466 1688
467 3068
468 2981
470 4203
471 2771
473 3901
474 1942
475 2984
476 1351
478 4792
479 1997
480 3302
481 2954
482 5023
483 1860
484 3352
485 3015
486 4136
487 1082
488 4818
489 2509
490 2974
491 2745
492 2386
493 4440
494 5050
495 1192
496 3268
497 1729
498 1904
499 4837
500 3858
501 1211
502 3062
503 5761
504 2075
506 5965
507 5482
508 4769
509 1936
510 2718
511 5591
512 1640
513 1069
514 3980
515 690
516 1301
517 5781
519 2305
520 5246
521 4091
522 2372
523 5406
524 4496
525 2879
526 2021
527 5027
528 2279
529 2685
530 3740
531 1248
533 4238
534 692
535 698
536 3346
537 1912
538 1512
539 4577
540 4944
542 3975
543 4963
544 1886
545 1329
546 1431
547 2104
548 4134
549 1969
550 1354
551 3426
552 4342
553 1579
554 2498
555 3919
556 1417
557 3856
558 2103
559 874
560 4545
561 2394
562 2168
563 2410
564 5712
565 2107
566 794
567 4926
568 2009
569 4912
570 1257
571 2448
572 5716
573 5789
574 4310
575 1604
576 5935
577 1498
578 944
579 2669
580 4239
581 5071
582 3484
584 3093
586 4362
589 4713
590 4916
591 3954
592 2817
593 4841
594 2088
595 2596
596 5505
597 5515
598 2242
599 2966
600 5038
601 2658
602 5757
603 4354
604 3272
605 3563
606 4189
607 5465
608 1041
609 2006
610 2708
611 5164
613 1743
614 1541
615 3108
616 807
617 2489
618 2293
619 4299
620 3148
621 5173
622 5822
623 1407
624 3364
625 1736
626 3521
627 5998
628 3698
629 5975
630 3743
631 5192
632 5742
633 2000
634 1964
635 4969
636 5016
637 669
638 4483
639 5625
640 4232
641 880
642 5636
643 4323
644 5878
646 859
647 3960
648 2261
649 2322
650 2341
651 2931
652 4328
653 833
654 2644
655 3143
656 2870
657 3150
658 2084
659 5045
660 2370
661 1887
662 5676
663 791
664 756
665 2446
666 2839
667 5470
668 935
670 5046
671 3828
672 4296
675 1332
676 709
677 5256
678 2002
679 2877
680 1471
681 1266
682 5759
684 2490
685 3212
686 2665
687 5747
688 2517
689 2198
691 4484
693 3165
694 790
695 2375
696 5644
697 873
699 3226
700 2846
701 2558
702 5701
703 3964
704 2973
705 3574
706 1341
707 3932
708 1006
710 5501
711 5013
713 1571
715 3033
716 5265
717 2639
718 3963
719 5019
720 1328
721 5243
722 4048
723 1774
724 1844
725 1350
726 1946
727 3290
729 5288
730 3436
731 3664
732 4765
733 5417
734 1658
735 5619
736 5228
737 1667
738 5995
739 1461
740 5522
741 4420
742 3988
743 4764
745 5219
746 2113
747 4997
748 2447
749 5111
750 3609
751 3624
752 3216
753 934
754 1447
755 1933
757 4236
758 2623
759 4802
761 3533
762 5658
763 5702
764 5147
765 5469
766 1473
767 979
768 2756
769 1715
770 3498
771 2326
772 5022
774 3413
775 5159
776 4522
777 5717
778 1077
779 3819
780 3402
781 5689
782 2856
783 2244
784 1927
785 2330
786 4058
787 2614
788 3154
792 3008
793 5970
795 1678
796 1859
797 3042
798 4546
799 2208
800 1043
802 1986
803 1024
805 5512
806 1661
808 3714
809 5745
810 1949
811 4364
812 4154
813 1971
814 5303
815 2988
816 5941
818 1734
819 1961
820 4915
821 5707
822 3113
823 2876
824 3080
825 1657
826 2181
827 3040
828 4076
829 3512
830 4371
831 2036
832 3225
834 4172
835 5533
836 4190
837 5673
838 5007
839 3959
840 5051
841 4635
842 3435
843 1253
844 4423
845 3837
846 2918
847 5462
848 1645
849 3643
850 1953
851 5778
852 3214
853 4466
854 2444
855 3045
856 5728
857 3561
858 5248
860 5179
861 1114
862 2456
863 3247
864 976
865 2441
866 918
867 922
868 5040
869 1520
870 1507
871 5611
872 5083
875 1582
876 1264
877 1959
878 4316
879 4062
881 2892
882 2154
883 2822
884 1331
886 4578
887 2780
888 3927
889 4340
890 1181
891 3246
892 3387
893 1294
894 2929
895 3822
896 1384
897 4731
898 1335
899 3427
900 3820
901 5167
903 1087
904 1419
905 2575
906 5431
907 5297
908 3275
909 1033
911 5106
912 3914
914 2494
915 1209
916 2653
917 5048
919 1418
920 4933
921 2059
923 3360
924 5004
925 2712
926 4109
928 2940
929 4985
930 4552
931 4402
932 3196
933 3309
936 3468
938 3648
939 4799
940 4917
941 5068
942 5366
943 2686
945 2993
946 2127
947 1995
948 4317
949 4383
950 1881
951 5085
952 4169
953 4661
954 1201
955 3396
956 3730
957 1516
958 1039
959 5254
960 1220
961 5191
962 5551
964 3211
965 2860
966 3202
968 5573
969 1478
970 2134
971 1709
973 5725
974 1745
977 3764
978 1118
980 5198
981 1556
982 4586
983 3307
984 4853
985 4112
986 4908
987 3725
988 2082
989 3140
990 4821
991 5289
992 1901
993 2748
994 2187
995 3279
996 1277
997 4373
998 3117
999 4751
1000 3514
1001 4809
1002 1718
1003 1842
1004 1268
1005 1020
1007 4279
1008 3461
1009 3564
1010 4451
1011 4936
1012 1646
1013 5011
1014 4656
1015 5148
1016 1795
1017 1820
1019 4890
1021 5497
1022 1626
1023 4195
1025 1742
1026 2314
1027 4512
1028 4018
1029 5927
1030 1276
1031 4505
1032 1463
1034 1833
1035 5338
1036 4691
1038 2766
1040 4964
1042 5914
1044 5991
1045 5017
1046 2763
1047 3900
1048 3911
1051 5385
1052 3621
1053 4894
1054 2457
1055 3079
1056 4677
1058 3410
1060 2690
1061 3855
1062 1163
1063 4128
1064 1784
1065 4701
1066 4002
1068 2787
1070 5284
1071 5399
1072 1521
1073 5597
1074 3984
1075 4729
1076 4455
1078 3897
1079 4068
1080 4778
1081 5815
1083 1405
1084 4932
1085 3183
1086 4610
1088 1165
1089 2407
1090 1469
1091 1840
1092 1799
1093 5813
1094 3584
1095 3067
1096 2057
1097 5502
1098 3768
1099 3537
1100 2316
1101 2656
1102 1568
1103 5151
1104 3995
1105 2078
1106 4477
1107 2507
1108 2291
1109 2480
1110 3662
1111 1779
1112 5552
1113 2311
1115 3818
1117 4412
1119 3174
1120 2548
1121 1347
1122 3036
1123 4900
1124 4268
1125 1537
1126 4349
1127 2413
1128 4874
1129 4192
1130 1422
1131 2957
1132 4840
1133 1333
1134 4927
1135 1291
1136 5774
1138 5933
1139 5384
1140 3139
1141 2219
1142 1375
1143 3588
1144 5996
1145 1174
1146 2398
1147 1925
1148 3920
1149 4870
1150 3418
1151 2621
1152 2118
1153 5373
1154 5908
1155 3653
1156 1191
1157 2747
1158 5485
1159 2620
1160 3000
1161 3249
1164 5392
1166 5283
1167 4828
1168 2502
1170 2805
1171 2539
1172 2019
1173 5301
1175 5362
1176 1430
1179 5369
1180 2183
1182 4173
1183 2427
1184 2020
1185 5015
1186 2010
1187 1827
1188 3797
1189 5253
1190 2801
1193 5802
1195 5193
1196 3107
1197 3239
1198 3513
1199 3319
1202 5332
1203 2304
1204 5951
1205 1474
1206 5035
1207 5879
1208 5762
1210 2727
1213 5654
1214 3551
1215 4261
1216 3678
1217 4738
1221 5508
1222 3116
1223 5675
1224 4968
1225 5155
1226 1717
1227 2589
1228 3667
1229 5735
1230 2901
1231 3310
1232 3517
1233 2818
1235 4039
1236 5059
1237 4303
1238 2777
1239 5729
1240 2980
1241 2526
1242 5333
1243 1563
1244 5886
1245 4793
1246 2615
1249 4868
1250 4798
1251 2859
1252 5094
1254 3708
1255 3904
1256 4283
1258 2356
1259 5562
1260 1659
1261 4893
1262 4394
1263 2229
1265 4014
1267 2046
1269 1297
1270 4958
1271 1756
1272 5227
1273 4193
1274 2520
1275 1528
1278 5917
1279 3839
1281 1361
1282 3242
1283 2178
1285 2914
1286 3712
1287 2549
1288 5657
1289 5434
1290 4090
1292 5367
1293 1728
1295 3422
1296 1580
1299 4979
1300 4649
1302 4669
1303 1839
1304 5977
1306 5764
1307 3181
1309 4657
1310 5905
1311 4335
1312 4241
1313 4843
1314 5686
1315 3287
1316 4290
1317 1865
1318 5187
1319 5090
1320 2921
1321 2500
1322 5304
1323 3490
1324 4017
1325 4120
1326 5817
1327 5739
1330 3357
1334 5041
1336 4779
1337 3516
1338 2296
1339 1814
1340 5911
1342 5854
1345 2991
1346 4224
1349 1589
1352 5273
1353 4679
1355 2511
1356 2064
1357 2128
1358 4031
1359 1802
1360 3861
1362 5958
1363 2652
1365 2776
1367 5837
1368 2077
1369 2254
1370 2139
1371 5521
1373 1596
1374 1476
1376 3146
1377 3429
1378 2825
1379 1889
1380 2683
1381 3691
1382 4387
1383 2191
1385 5684
1386 2232
1388 4641
1389 4653
1390 1412
1391 4718
1392 4871
1393 2277
1394 5767
1395 2478
1396 5226
1397 2676
1398 1758
1399 2541
1400 2167
1401 2699
1402 1633
1403 4369
1404 4675
1406 3640
1409 4049
1410 5141
1411 3373
1413 4838
1415 5152
1416 5327
1420 4901
1424 1919
1425 1848
1426 2599
1427 5685
1428 3192
1429 2292
1432 5866
1433 2070
1434 2837
1435 4397
1436 1710
1437 5305
1438 1546
1439 5749
1440 3957
1441 4095
1443 3273
1444 3693
1445 2189
1446 2743
1448 3641
1449 5386
1450 5328
1451 5477
1452 3890
1453 2887
1454 5457
1455 5275
1457 2845
1458 5609
1459 1489
1460 4518
1462 3162
1464 1769
1465 3161
1467 3505
1468 5368
1470 5592
1472 2430
1477 4393
1479 2358
1480 3933
1481 3506
1482 2904
1483 4257
1484 5012
1485 2736
1486 5868
1488 3209
1490 5672
1491 2754
1492 3903
1493 5613
1494 2015
1495 4424
1496 5047
1497 4449
1499 5190
1500 4749
1501 4084
1504 2803
1505 4206
1506 4663
1508 5744
1510 5020
1511 2607
1513 5724
1514 3294
1515 4102
1517 2068
1518 4794
1519 4988
1522 5370
1523 3189
1524 5096
1525 3869
1526 5033
1527 2552
1529 3049
1530 1775
1531 2814
1532 3480
1533 2259
1534 2885
1536 2961
1538 1649
1539 2048
1540 3754
1542 4621
1544 2470
1545 3696
1547 3002
1548 4826
1549 1940
1550 4467
1551 2875
1552 5443
1553 4739
1554 5145
1557 5403
1558 5928
1559 5281
1560 4163
1561 3560
1562 2262
1564 2096
1565 2431
1566 5419
1567 3631
1569 4662
1572 4345
1573 3682
1574 2819
1575 4092
1576 3846
1577 5682
1578 4833
1581 4865
1583 5199
1584 3917
1585 2853
1586 5979
1590 5269
1591 4504
1592 3503
1593 3136
1597 1643
1598 4212
1599 2516
1600 5622
1602 4647
1603 3407
1606 4948
1607 4080
1610 1856
1611 3044
1612 3539
1613 3339
1614 2333
1615 3792
1616 5492
1617 4447
1618 4817
1619 2598
1620 3720
1622 1913
1623 5382
1624 3306
1627 2630
1628 3967
1629 4705
1631 4849
1634 2627
1635 2336
1636 4292
1637 2657
1638 3243
1639 3881
1641 4051
1642 1992
1644 2525
1647 5746
1648 1656
1650 2650
1651 3048
1652 5923
1653 2542
1654 5890
1655 2783
1660 5568
1662 5390
1663 2897
1664 3956
1665 4575
1666 2793
1669 4820
1670 3285
1671 2979
1672 3023
1673 2030
1674 4464
1676 3350
1677 5387
1679 1849
1680 4217
1681 3390
1682 1773
1683 5795
1684 2795
1685 2726
1686 5475
1687 5404
1689 3747
1690 3989
1691 2421
1692 4515
1693 3700
1694 2834
1695 3946
1696 3366
1697 2112
1698 2969
1699 4970
1700 3450
1701 5260
1702 2591
1703 2704
1704 5579
1705 3540
1706 2962
1708 5412
1712 4524
1713 4171
1714 3020
1716 3991
1719 2281
1720 5741
1721 2663
1723 5575
1724 5086
1725 3824
1726 3843
1727 4659
1730 2857
1731 3034
1732 4819
1733 3340
1735 1956
1738 3944
1741 3438
1744 5966
1747 2679
1748 2843
1749 3188
1750 5346
1751 4570
1752 3400
1753 2142
1754 1879
1755 4258
1757 5064
1760 5476
1761 5391
1762 3185
1763 5298
1764 4175
1765 5557
1766 1807
1767 3544
1768 2302
1770 5692
1771 2094
1772 3507
1776 4178
1777 5606
1778 3318
1780 5518
1781 3265
1785 2144
1786 3986
1787 2659
1788 5124
1789 5871
1790 4664
1791 3264
1793 1998
1794 2129
1796 3578
1797 4005
1798 3545
1800 2684
1801 5329
1803 5479
1804 3074
1805 4278
1806 4088
1810 4590
1812 3058
1813 2334
1815 4009
1816 5963
1817 4601
1818 4773
1819 2920
1821 2985
1822 2774
1823 5487
1824 4990
1825 3178
1826 2257
1828 2571
1829 5910
1830 2707
1831 2682
1832 3534
1835 2060
1836 3411
1837 5571
1838 3046
1843 5112
1845 2872
1846 5172
1847 5507
1850 4527
1851 2760
1852 4142
1853 3087
1854 3231
1855 2597
1857 4319
1858 2206
1861 2287
1862 3760
1863 5775
1864 4003
1866 1952
1867 3615
1868 5584
1869 5723
1870 3497
1871 3810
1872 2600
1873 4952
1875 5270
1876 5990
1877 5660
1878 5821
1880 2361
1882 4889
1883 3227
1884 5842
1888 3481
1890 3620
1891 5953
1892 4736
1893 4326
1894 2634
1895 3137
1896 5696
1897 4227
1898 3437
1899 2095
1900 3805
1902 5078
1903 2941
1905 2689
1906 4012
1907 2160
1908 5097
1909 5245
1915 1994
1916 3690
1917 5790
1918 2563
1920 3668
1921 2636
1922 4482
1924 5006
1926 2085
1928 4537
1929 3031
1930 3075
1931 5721
1932 2813
1934 2828
1935 2531
1937 2577
1938 4366
1941 3228
1943 4252
1944 4674
1945 4307
1947 3680
1948 2011
1950 5800
1951 1954
1955 4223
1957 3066
1958 3479
1963 4618
1965 4548
1966 3619
1967 2089
1968 4287
1972 4594
1973 5252
1975 5446
1976 3800
1977 2310
1979 4191
1980 4286
1981 4506
1982 5560
1983 2148
1984 4033
1985 2043
1987 4744
1988 5607
1989 3177
1990 4167
1993 2265
1999 2321
2001 2049
2003 2833
2004 4858
2005 4643
2007 4696
2008 5026
2012 2959
2013 3548
2014 2842
2016 5347
2017 4365
2018 2031
2022 2781
2023 2362
2024 5680
2026 5363
2027 5018
2028 4573
2029 3230
2032 4563
2033 4385
2034 2739
2035 4686
2037 3895
2038 4511
2039 2051
2040 4247
2041 3741
2042 2114
2044 3598
2045 4434
2047 5875
2050 2811
2052 3182
2053 4682
2054 5647
2055 4851
2056 3733
2058 5992
2061 3816
2062 5807
2065 5471
2066 4628
2067 5116
2069 5136
2071 4069
2072 3739
2073 4688
2074 4219
2076 4721
2079 3135
2080 5115
2081 3232
2083 3289
2086 2952
2087 5494
2090 4934
2091 3494
2092 5088
2093 5652
2097 3457
2098 3703
2099 4489
2100 4187
2101 4358
2102 2905
2105 4755
2106 3012
2108 2366
2109 2638
2110 4379
2111 3343
2115 4498
2116 3635
2117 3026
2119 5901
2120 2908
2121 3562
2123 5153
2124 4842
2125 3586
2126 3126
2130 4544
2131 4210
2132 4897
2135 5805
2136 2946
2137 5195
2140 5777
2141 4370
2143 2967
2146 4834
2147 5961
2149 2816
2151 2666
2152 4145
2153 5561
2155 5207
2156 4208
2157 2687
2158 4939
2159 3344
2161 4367
2162 2202
2163 5617
2164 3613
2165 2391
2169 5731
2170 3115
2171 3369
2172 2717
2174 2317
2175 3724
2176 3673
2177 4722
2180 5411
2182 3130
2184 4313
2185 2855
2186 5065
2188 4884
2190 3912
2192 4989
2193 5420
2195 2744
2196 4093
2197 4453
2199 3866
2200 4787
2201 4638
2203 4260
2204 4038
2205 3443
2207 3654
2209 5183
2210 4064
2211 4861
2212 4983
2213 2501
2214 3421
2215 5631
2216 4275
2217 2871
2218 3365
2220 3262
2221 5415
2222 2851
2223 4829
2224 3781
2225 5843
2228 5021
2230 2710
2231 4903
2233 2791
2234 4562
2235 3775
2237 3782
2238 3625
2239 2282
2240 3780
2243 2868
2246 2315
2248 3072
2249 3770
2250 2455
2251 5864
2252 3022
2256 5960
2258 4753
2260 3556
2263 4282
2264 3804
2266 2612
2267 5143
2268 2673
2269 2512
2270 2869
2271 5567
2272 3969
2273 4325
2274 5819
2275 2415
2276 4381
2280 5829
2283 3001
2284 4583
2285 3384
2286 2645
2288 3096
2289 3880
2290 5962
2294 2858
2295 4606
2297 3388
2298 5836
2299 3773
2300 3119
2301 2428
2303 5087
2307 4591
2308 2854
2309 5067
2312 2423
2313 3575
2318 3555
2319 4945
2320 3172
2324 2737
2325 2403
2327 2442
2328 4824
2331 3147
2332 4439
2335 5792
2337 5661
2338 4733
2339 3965
2340 4720
2342 5345
2343 4291
2344 2633
2345 4004
2346 4508
2347 5414
2348 2605
2350 4352
2351 3065
2352 5650
2353 4337
2354 5967
2355 2471
2357 3910
2359 4759
2360 4748
2363 4631
2364 3491
2365 3102
2367 4750
2368 5126
2369 5442
2374 4188
2376 4099
2377 3765
2378 4133
2379 4043
2380 4442
2381 5460
2383 4271
2384 3821
2385 5427
2387 2617
2388 3915
2390 5351
2392 2406
2393 4604
2395 3029
2396 3510
2397 5804
2399 3077
2400 4503
2401 3267
2402 5092
2404 5117
2405 3447
2408 3155
2409 2670
2411 2734
2412 4813
2414 3999
2417 4253
2418 4361
2419 3546
2420 2755
2422 2655
2424 3945
2425 3030
2426 2836
2432 3616
2433 3237
2434 4630
2435 4967
2438 2722
2439 3085
2440 5435
2443 5326
2450 5042
2451 3935
2452 4148
2454 3064
2458 4767
2459 3199
2460 3972
2461 5614
2462 4904
2463 3532
2464 2862
2465 3419
2466 5318
2468 4873
2469 4384
2472 3055
2473 4999
2474 4938
2475 2945
2476 5835
2477 2580
2479 5336
2481 3128
2482 4633
2483 3218
2484 5282
2485 3398
2486 5335
2487 3878
2488 5224
2491 2616
2492 3815
2493 3783
2497 3528
2499 4138
2503 5135
2505 5663
2506 5221
2508 4209
2510 5768
2513 4991
2514 4996
2515 2640
2518 4023
2519 5308
2522 3603
2523 5146
2528 3391
2529 2928
2530 4415
2532 4341
2533 2832
2536 5830
2538 4756
2540 3576
2543 4462
2544 4860
2545 3208
2546 3646
2547 3889
2550 4000
2551 4909
2554 5668
2555 5130
2556 4070
2557 3086
2559 3677
2560 3258
2561 4079
2562 3594
2564 5525
2565 4777
2568 3939
2570 4651
2572 5110
2573 4469
2574 2950
2576 5348
2578 5466
2579 3695
2581 3194
2582 4650
2583 4481
2584 3063
2586 5859
2587 3138
2590 4581
2592 4550
2593 5217
2595 5665
2601 4430
2602 5845
2604 4654
2606 5365
2608 5209
2609 5500
2610 5688
2611 4572
2613 2898
2618 4246
2619 3200
2622 5938
2624 5160
2625 3543
2626 5681
2628 4911
2629 4962
2631 4284
2632 4625
2637 5177
2641 5008
2642 3470
2643 3592
2646 4835
2647 3293
2648 3474
2649 4045
2651 4529
2654 4078
2660 4407
2661 4011
2662 4790
2664 5105
2667 5626
2668 3602
2671 4234
2672 5523
2674 5937
2675 3129
2677 3570
2678 4478
2680 4075
2681 5359
2688 2758
2691 2802
2692 4334
2694 3502
2695 5926
2696 2815
2697 4230
2698 3280
2700 3525
2701 3809
2702 3270
2703 3778
2705 3011
2706 2865
2714 5932
2715 4950
2719 3952
2720 3826
2721 5426
2724 4289
2725 4410
2728 5235
2729 4119
2730 5820
2731 5863
2732 3660
2733 4879
2735 5760
2738 5857
2740 3941
2741 4507
2742 3090
2746 4072
2749 3665
2750 5540
2752 4306
2757 3587
2759 3706
2761 2800
2762 5627
2764 4346
2765 3173
2767 5372
2768 5986
2769 5659
2770 3659
2772 4806
2773 4914
2775 3582
2778 3327
2779 4627
2782 4123
2784 4740
2785 3358
2786 2806
2788 3229
2789 4211
2790 4229
2792 3738
2796 5785
2797 5095
2798 3518
2799 5189
2804 3455
2807 4050
2808 5323
2809 3968
2810 2942
2812 5250
2820 5005
2821 4107
2823 5104
2824 5788
2826 5693
2829 4008
2830 3851
2831 3630
2835 3723
2840 3840
2841 3167
2844 4949
2847 5125
2848 4712
2850 4786
2852 3683
2861 5948
2863 4660
2864 3606
2866 3054
2867 4734
2873 5987
2874 2915
2878 4231
2880 5651
2881 3006
2882 5770
2883 5440
2884 5978
2886 4614
2888 5824
2889 3559
2890 5732
2891 4386
2893 3378
2894 4877
2899 3336
2900 3626
2902 3141
2903 3790
2906 4771
2907 3896
2909 3850
2910 3612
2911 2951
2912 5773
2913 3312
2916 4026
2917 3092
2922 3095
2923 5393
2924 3393
2925 4888
2926 5787
2927 5827
2930 5709
2932 3511
2933 5102
2934 4676
2935 3722
2936 3590
2937 5706
2938 4059
2939 4438
2944 4228
2947 4435
2948 5395
2949 4117
2953 5389
2956 3374
2958 3793
2960 5999
2963 3607
2964 4961
2965 5118
2968 3675
2970 4539
2971 2972
2975 5713
2976 4609
2977 5578
2982 5353
2983 5898
2986 3970
2987 4598
2989 5262
2992 5786
2995 4634
2997 5154
2998 5633
3003 5208
3004 5913
3005 3853
3007 5028
3010 5638
3013 5066
3014 4480
3017 5313
3018 5624
3019 5119
3021 5458
3024 3311
3025 3383
3027 4174
3028 4332
3032 4836
3037 4723
3038 5491
3039 5703
3041 4599
3043 3442
3047 5959
3050 5054
3051 5049
3052 5736
3053 4891
3056 4288
3057 5181
3060 5603
3061 5880
3069 4620
3071 5982
3073 5286
3076 5957
3078 3389
3081 5620
3082 4602
3083 5402
3088 5233
3089 4302
3091 4673
3094 4880
3097 3596
3098 5897
3099 5856
3100 4693
3101 3415
3103 5287
3104 4104
3106 4745
3109 4984
3110 4500
3111 5186
3112 3921
3118 5138
3120 3894
3121 3994
3123 4202
3124 4831
3125 5441
3127 5433
3131 4034
3132 5885
3134 5314
3142 5803
3144 3789
3145 5895
3149 4429
3151 4111
3152 5666
3153 3943
3156 4063
3157 5944
3158 3219
3159 5850
3160 4073
3163 4603
3164 5754
3166 4680
3168 4973
3169 3372
3170 5993
3171 4266
3175 4513
3176 5546
3179 4022
3180 5883
3184 3458
3186 3686
3190 4514
3191 4859
3193 5296
3195 4883
3198 4377
3201 4854
3203 3709
3204 5222
3205 3829
3206 4413
3207 3981
3210 5576
3213 4947
3215 3324
3217 4457
3220 5317
3221 3299
3222 5734
3224 3977
3233 5516
3234 5175
3235 4157
3236 3476
3238 5604
3240 5653
3241 4040
3245 5349
3248 4096
3250 5851
3251 4427
3253 4433
3254 4363
3255 4632
3256 3488
3257 3440
3259 5319
3260 3913
3261 4600
3263 5969
3266 5511
3269 3982
3271 5264
3274 5791
3276 5194
3277 4766
3281 3338
3282 4389
3283 4274
3286 5134
3288 4140
3291 3428
3295 5499
3298 3669
3300 4864
3301 5437
3303 4605
3305 4186
3308 3835
3313 3985
3314 4216
3315 4347
3316 5241
3317 3569
3320 4856
3321 4149
3322 5694
3323 4270
3325 5213
3326 5307
3329 4832
3330 4523
3331 3380
3332 4566
3333 4724
3334 4977
3335 5548
3337 3542
3341 4027
3342 5899
3345 5316
3348 5374
3349 4805
3351 4459
3353 4642
3354 4519
3356 4248
3359 5278
3361 3614
3363 3732
3367 4559
3368 4528
3370 4569
3371 4699
3375 4156
3376 5220
3377 5936
3379 3414
3381 4902
3385 4052
3386 3817
3392 5451
3394 5956
3395 4339
3397 4129
3399 4584
3401 4928
3403 5215
3404 3666
3405 3811
3409 5887
3412 5206
3417 4254
3420 5994
3423 4475
3425 4046
3430 4623
3431 5743
3432 3679
3433 4405
3439 4327
3441 3987
3446 5337
3448 4452
3451 3681
3452 3795
3453 4243
3454 3976
3456 4450
3459 5753
3460 4360
3463 4131
3464 5697
3465 5225
3466 3772
3467 4474
3471 4041
3472 5302
3473 3938
3475 4752
3477 3593
3478 4122
3482 5586
3483 3831
3485 4700
3486 3742
3487 5240
3489 4177
3492 3940
3493 3788
3495 4556
3496 4336
3501 5176
3504 3875
3508 5445
3509 4754
3519 4036
3520 4456
3523 3670
3524 5536
3526 5832
3527 4401
3529 4066
3530 5894
3531 5947
3535 4491
3536 5811
3538 4225
3541 3947
3549 4357
3552 5646
3553 4221
3557 3948
3558 5480
3565 5528
3567 5025
3568 5812
3571 5588
3572 4689
3573 3909
3577 5526
3579 5831
3580 4488
3581 4652
3583 5779
3585 5599
3589 4953
3591 5237
3595 5484
3597 4476
3599 4509
3601 5504
3604 5503
3605 4176
3608 5430
3610 4728
3611 4054
3617 4350
3622 5740
3623 4143
3628 5810
3629 5409
3632 3870
3633 4196
3634 5055
3636 5343
3637 3931
3638 5513
3639 5677
3642 5730
3644 4881
3645 5656
3647 5596
3649 5099
3650 4993
3651 3813
3652 5514
3655 4312
3656 4850
3657 5980
3658 4582
3661 5185
3663 4855
3671 5432
3674 5070
3676 5726
3684 5799
3685 4727
3687 4918
3692 5063
3694 4333
3697 4494
3699 4141
3702 4872
3704 5266
3705 3836
3710 5610
3711 4461
3713 4408
3715 5556
3716 5293
3717 5771
3718 5766
3719 5852
3721 3785
3726 4812
3727 5165
3728 5608
3729 5030
3735 4061
3736 5715
3737 5570
3744 4114
3745 5884
3746 5940
3748 4378
3749 4094
3751 3942
3752 4493
3753 4311
3755 5128
3756 4132
3757 5865
3758 5436
3759 5737
3761 4110
3762 5044
3763 5605
3766 5438
3767 5919
3769 5077
3774 5874
3776 5331
3779 5495
3784 5893
3786 4580
3787 4473
3791 5833
3794 5615
3796 5416
3798 4074
3801 4294
3802 4646
3803 3807
3806 4922
3808 3871
3812 5589
3814 5162
3823 5649
3825 5921
3827 5983
3830 4318
3832 5700
3833 5498
3841 5929
3842 4852
3844 5031
3847 4557
3848 4772
3849 5527
3852 5413
3854 4411
3857 4946
3863 4161
3865 5080
3868 5358
3872 4974
3873 5309
3874 4781
3876 5583
3879 4844
3882 4668
3883 3916
3884 5161
3885 4694
3887 4608
3888 4250
3891 4704
3892 5139
3893 4025
3898 4020
3899 4619
3902 5946
3905 5794
3906 4622
3907 5238
3908 5361
3918 4746
3924 4065
3925 5882
3926 5232
3928 5178
3929 4437
3930 5447
3934 5272
3936 5380
3937 5010
3949 4329
3951 4714
3953 4711
3955 4613
3958 4097
3962 5330
3966 4710
3971 5034
3978 5472
3983 5621
3992 4784
3993 4520
3996 5408
3997 4702
4001 4028
4006 4215
4007 4925
4010 5997
4013 5861
4015 5590
4016 5756
4019 5036
4021 5555
4024 4200
4030 5718
4032 4404
4035 4199
4042 4725
4044 5637
4047 5988
4053 4587
4056 5218
4057 5595
4060 4170
4071 4256
4077 4516
4081 5826
4085 5902
4086 4796
4087 4780
4089 4667
4098 5357
4100 4905
4101 5315
4103 4637
4105 5473
4106 4485
4108 4597
4113 5306
4115 5565
4116 4549
4118 4486
4121 5029
4124 4899
4125 5396
4126 5322
4127 4541
4130 4300
4135 4417
4137 4690
4144 5705
4146 4741
4147 4846
4151 5292
4152 5400
4153 4913
4155 5569
4158 5073
4159 5806
4160 5261
4162 5942
4164 4726
4165 4576
4168 4685
4179 5075
4180 5182
4181 5342
4182 5566
4183 5299
4184 4406
4185 4998
4194 5084
4197 5918
4198 5397
4204 4887
4213 5203
4214 4551
4218 4804
4220 5710
4226 5180
4233 5671
4235 5780
4237 4629
4240 5985
4242 5001
4244 5664
4251 5285
4255 4655
4259 5648
4263 4763
4264 5602
4265 4910
4267 5244
4269 5258
4272 4695
4273 5896
4277 4931
4280 5003
4281 5079
4285 5300
4293 4862
4295 5137
4298 4768
4301 5168
4304 5352
4305 5381
4308 4986
4309 4639
4314 4626
4320 5722
4322 4929
4324 5201
4331 4470
4338 4558
4343 5156
4344 4760
4348 4532
4353 5955
4355 5082
4356 5629
4359 5714
4368 4823
4372 5291
4374 5231
4376 5952
4380 5635
4382 4395
4388 5695
4390 5828
4391 4709
4392 4875
4396 5904
4398 5711
4399 5493
4400 4965
4409 4785
4414 5632
4416 5872
4419 5424
4421 5593
4425 4943
4426 5052
4431 5310
4432 4571
4441 5641
4444 4895
4446 5809
4454 5772
4458 4959
4460 5782
4465 4797
4468 4822
4471 5930
4472 5534
4479 5452
4487 5000
4490 5463
4492 5320
4495 5184
4497 4579
4499 5448
4501 4966
4502 4791
4510 4645
4517 5127
4521 5060
4531 5056
4534 4564
4535 4715
4536 5847
4538 4560
4540 5841
4542 4937
4554 5667
4555 5074
4561 5719
4565 4640
4567 5429
4574 5989
4588 5550
4589 4612
4593 5196
4595 5630
4607 5924
4615 5277
4616 5542
4617 5925
4636 5279
4648 5423
4658 5274
4665 5869
4671 5341
4672 5383
4678 5950
4684 5093
4687 5972
4703 5900
4706 5486
4707 5846
4716 5268
4717 5974
4732 5639
4735 5009
4743 5210
4747 4839
4757 5450
4758 4774
4761 5860
4762 4814
4775 5121
4776 5683
4789 5120
4800 5889
4801 5157
4807 4954
4808 4863
4810 5598
4811 5129
4815 5825
4816 5634
4825 5200
4827 4941
4830 5891
4845 5563
4847 4921
4848 4942
4857 5249
4866 5230
4867 5783
4878 4956
4886 5618
4892 5418
4896 4995
4906 4982
4907 5733
4919 5166
4923 5553
4935 5798
4955 5877
4957 5360
4960 5539
4971 5971
4975 5645
4976 5061
4978 5204
4987 5801
4992 5295
5002 5371
5014 5188
5024 5748
5032 5405
5037 5401
5043 5888
5057 5251
5058 5912
5062 5520
5069 5818
5072 5544
5076 5558
5081 5478
5091 5163
5100 5150
5101 5113
5103 5949
5107 5428
5108 5376
5109 5976
5122 5481
5123 5140
5131 5543
5132 5506
5133 5535
5142 5752
5158 5839
5170 5255
5171 5263
5174 5916
5197 5280
5202 5519
5205 5909
5211 5398
5212 5325
5214 5678
5216 5375
5234 5444
5236 5867
5242 5454
5247 5350
5257 5574
5267 5655
5290 5616
5311 5642
5312 5587
5321 5509
5334 5490
5340 5488
5344 5577
5356 5808
5377 5545
5378 5394
5379 5600
5388 5755
5410 5623
5425 5483
5439 5687
5449 5797
5459 5858
5474 5580
5524 5903
5531 5585
5532 5720
5537 5816
5547 5564
5554 5855
5559 5870
5572 5784
5594 5881
5601 5973
5612 5750
5628 5751
5662 5964
5669 5670
5674 5844
5691 5776
5699 5823
5704 5853
5708 5907
5763 5939
5765 5920
5814 5943
5834 5954
5840 5848
5931 5984
0