8000
0 7554
1 7411
2 7317
3 1846
4 4499
5 2987
6 2424
7 1024
8 7305
9 6978
10 6199
11 6616
12 6332
13 2186
14 2836
15 1559
16 2588
17 1930
18 3083
19 6915
20 4635
21 3381
22 2595
23 6353
24 832
25 6732
26 6105
27 2953
28 7759
29 130
30 3849
31 3287
32 615
33 4806
34 422
35 3732
36 1556
37 659
38 4358
39 5452
40 297
41 1542
42 6921
43 2384
44 2461
45 7050
46 361
47 3418
48 1630
49 3970
50 6461
51 6789
52 7692
53 6598
54 7520
55 5103
56 3134
57 3103
58 5204
59 2129
60 4841
61 278
62 6144
63 512
64 7379
65 603
66 178
67 5064
68 4449
69 574
70 1768
71 7762
72 3395
73 1845
74 3546
75 1393
76 2467
77 4166
78 6143
79 4971
80 3143
81 439
82 5514
83 6303
84 365
85 3210
86 5965
87 1310
88 7565
89 2468
90 383
91 2039
92 7051
93 2738
94 3977
95 4523
96 4910
97 2350
98 7503
99 3851
100 2759
101 1309
102 4053
103 6053
104 927
105 6298
106 1583
107 2626
108 4957
109 410
110 7152
111 1860
112 6748
113 5335
114 5955
115 6094
116 2038
117 5140
118 7624
119 1073
120 1259
121 2844
122 5117
123 5917
124 4393
125 3258
126 6807
127 976
128 1398
129 1626
131 5416
132 2755
133 6164
134 5954
135 2754
136 5376
137 950
138 2881
139 5451
140 5717
141 1847
142 7844
143 1869
144 541
145 7797
146 5638
147 7233
148 6390
149 4158
150 2806
151 1254
152 2827
153 7562
154 1520
155 1456
156 4774
157 4839
158 3755
159 7491
160 183
161 3472
162 210
163 5659
164 1892
165 6135
166 5077
167 1631
168 1394
169 6704
170 2951
171 3482
172 6121
173 5075
174 5125
175 1242
176 6873
177 1204
179 3202
180 1890
181 4093
182 3245
184 5982
185 6623
186 1082
187 5345
188 3275
189 3706
190 6524
191 2383
192 4186
193 1871
194 2940
195 7467
196 3626
197 7258
198 7850
199 836
200 6427
201 2791
202 2395
203 7161
204 5555
205 3705
206 6203
207 3710
208 7342
209 5608
211 4827
212 2860
213 853
214 5250
215 5421
216 5000
217 5030
218 4795
219 4330
220 1465
221 4823
222 4232
223 350
224 2425
225 2471
226 3548
227 1929
228 6310
229 5128
230 3821
231 7635
232 1999
233 6243
234 6771
235 4116
236 3474
237 5904
238 7996
239 1302
240 4900
241 7838
242 3754
243 3286
244 5878
245 5499
246 4345
247 5102
248 2890
249 1392
250 432
251 3846
252 3614
253 2113
254 7507
255 3528
256 3420
257 983
258 5066
259 6448
260 3802
261 1762
262 1162
263 7284
264 2208
265 443
266 4870
267 3434
268 4329
269 1885
270 2027
271 627
272 6548
273 6045
274 7021
275 7474
276 7478
277 1516
279 2069
280 5919
281 5340
282 2514
283 7531
284 7145
285 7018
286 5257
287 3142
288 3288
289 5791
290 6551
291 327
292 3751
293 7274
294 5297
295 1801
296 7350
298 4369
299 3200
300 604
301 1695
302 1301
303 5224
304 1998
305 2676
306 403
307 4906
308 4531
309 6331
310 3318
311 1688
312 7933
313 2751
314 3332
315 3396
316 4298
317 2228
318 4211
319 5666
320 7167
321 2959
322 7489
323 4004
324 2596
325 1739
326 1912
328 6764
329 5648
330 4083
331 5153
332 2971
333 4494
334 6747
335 1339
336 508
337 1230
338 7775
339 5496
340 5100
341 7678
342 5266
343 3569
344 4696
345 5898
346 942
347 2360
348 4820
349 4951
351 3174
352 3279
353 2724
354 5235
355 6667
356 5435
357 3987
358 7627
359 4309
360 7110
362 2606
363 7473
364 2283
366 3283
367 2111
368 5815
369 5762
370 1321
371 6151
372 4151
373 5744
374 1235
375 7042
376 6903
377 3512
378 5640
379 6916
380 4107
381 888
382 4070
384 3801
385 3194
386 6887
387 5200
388 614
389 5995
390 3609
391 4451
392 5562
393 6762
394 3343
395 4301
396 4244
397 7792
398 7510
399 6549
400 5299
401 1743
402 7721
404 3556
405 1569
406 3573
407 974
408 7263
409 1722
411 3955
412 1726
413 3024
414 7469
415 6285
416 2105
417 7890
418 4953
419 2088
420 870
421 658
423 7131
424 6398
425 5041
426 7195
427 7898
428 2677
429 3007
430 7687
431 7865
433 7081
434 7504
435 5554
436 7862
437 899
438 5138
440 2070
441 1945
442 4078
444 3015
445 2863
446 5167
447 5958
448 5523
449 7935
450 934
451 5992
452 3728
453 5240
454 1385
455 1194
456 7740
457 5054
458 586
459 6484
460 7027
461 6092
462 657
463 1188
464 968
465 593
466 1463
467 4195
468 4457
469 3155
470 6656
471 5960
472 6799
473 7203
474 3535
475 6022
476 4219
477 7108
478 6784
479 2558
480 6930
481 2922
482 1236
483 1110
484 7375
485 6521
486 2055
487 7499
488 2929
489 7084
490 3782
491 6604
492 1565
493 1386
494 6368
495 3211
496 4470
497 1501
498 1958
499 6917
500 1734
501 4412
502 4256
503 4218
504 7848
505 2511
506 4813
507 543
509 1317
510 3549
511 1098
513 4141
514 3711
515 6632
516 2492
517 3484
518 3235
519 583
520 7166
521 3763
522 3835
523 1796
524 5707
525 4932
526 3599
527 3856
528 5973
529 7722
530 1451
531 1769
532 4394
533 2843
534 1064
535 5118
536 6498
537 1055
538 1330
539 7123
540 3719
542 1414
544 7484
545 4711
546 7283
547 3077
548 3553
549 4373
550 5124
551 3241
552 3713
553 7178
554 4360
555 5743
556 7545
557 1994
558 1802
559 5771
560 6967
561 2005
562 3350
563 2363
564 5751
565 3692
566 3237
567 4431
568 5361
569 6444
570 6468
571 6594
572 7459
573 2321
575 7702
576 1576
577 5176
578 7191
579 5222
580 5984
581 7515
582 3219
584 2913
585 5286
587 2855
588 2219
589 1908
590 2758
591 5601
592 5859
594 7840
595 6014
596 7452
597 4376
598 5962
599 1633
600 895
601 6507
602 3818
605 4674
606 7314
607 7655
608 2866
609 3884
610 3550
611 6293
612 1280
613 7576
616 5972
617 4752
618 876
619 5505
620 1596
621 2093
622 5709
623 6574
624 7974
625 4536
626 4413
628 5607
629 3178
630 4629
631 3443
632 7610
633 6236
634 1780
635 6343
636 7289
637 7926
638 1571
639 2293
640 3605
641 7699
642 6321
643 3266
644 2706
645 5272
646 5495
647 4934
648 7136
649 2867
650 5674
651 954
652 1553
653 5353
654 6879
655 7658
656 7392
660 3868
661 6938
662 7750
663 4865
664 6116
665 2059
666 7405
667 7769
668 4562
669 3026
670 4598
671 6064
672 3375
673 4835
674 835
675 5527
676 6587
677 7429
678 6578
679 4814
680 6993
681 6517
682 1049
683 5470
684 6818
685 6190
686 2680
687 3243
688 5039
689 1191
690 4861
691 3417
692 5205
693 5194
694 3175
695 2480
696 2573
697 5491
698 6474
699 6160
700 4432
701 5179
702 1058
703 6434
704 1746
705 3564
706 2368
707 2097
708 4067
709 1252
710 4033
711 4115
712 2542
713 1984
714 7066
715 7944
716 6490
717 4715
718 7168
719 1197
720 4762
721 4717
722 5929
723 7377
724 3426
725 3876
726 5456
727 1402
728 2926
729 2403
730 3926
731 2628
732 5354
733 7825
734 5572
735 3380
736 5232
737 4930
738 2653
739 3009
740 1434
741 7408
742 1491
743 3473
744 2701
745 1304
746 2811
747 5946
748 5628
749 7847
750 1969
751 4821
752 3238
753 5689
754 6900
755 1983
756 1836
757 5293
758 7644
759 2016
760 6502
761 2058
762 4247
763 3616
764 1417
765 1325
766 7230
767 6535
768 6097
769 3021
770 2841
771 5825
772 3864
773 7383
774 2871
775 5835
776 4343
777 4979
778 7476
779 833
780 7634
781 6696
782 4123
783 4939
784 4649
785 4973
786 989
787 1798
788 4604
789 6454
790 3170
791 5714
792 3777
793 6681
794 7477
795 2451
796 3064
797 1738
798 2189
799 4167
800 2419
801 3519
802 3536
803 3637
804 7895
805 6481
806 6908
807 5737
808 4349
809 4443
810 6568
811 3610
812 7611
813 3436
814 1548
815 7594
816 5430
817 6145
818 1119
819 6948
820 6248
821 7215
822 7919
823 2774
824 5612
825 4096
826 6239
827 3720
828 3197
829 3524
830 7959
831 2459
834 4159
837 4487
838 2414
839 4353
840 1644
841 1068
842 3039
843 4981
844 6749
845 7468
846 4100
847 2159
848 7881
849 1419
850 7816
851 6351
852 1909
854 6668
855 7065
856 2482
857 2346
858 2006
859 1634
860 7112
861 5909
862 4904
863 5600
864 2503
865 2049
866 6849
867 3477
868 3534
869 7181
871 3658
872 1666
873 3208
874 2407
875 4433
877 2502
878 3641
879 2444
880 1703
881 2002
882 1914
883 3909
884 6782
885 6610
886 4435
887 4455
889 6607
890 4354
891 1677
892 5532
893 5031
894 3033
896 5552
897 4912
898 7592
900 3854
901 4965
902 6189
903 4989
904 6699
905 4700
906 3154
907 5803
908 7137
909 4089
910 6034
911 4117
912 7257
913 6520
914 5383
915 7794
916 5090
917 3078
918 6613
919 1816
920 2788
921 4845
922 5511
923 7456
924 1195
925 1760
926 7067
928 7220
929 3074
930 5044
931 6530
932 7525
933 7372
935 5902
936 5483
937 4565
938 4397
939 3844
940 4748
941 1988
943 6389
944 1185
945 3169
946 4463
947 7048
948 7450
949 3836
951 5129
952 5924
953 5573
955 7752
956 2180
957 5649
958 3433
959 7674
960 5948
961 3613
962 4683
963 1842
964 6122
965 4555
966 3221
967 4619
969 1758
970 4884
971 2834
972 1468
973 5164
975 7536
977 1510
978 5337
979 3859
980 1453
981 2533
982 1019
984 5985
985 2764
986 1266
987 3630
988 4442
990 6157
991 7177
992 2994
993 2455
994 4088
995 3309
996 2469
997 2028
998 7962
999 3942
1000 5911
1001 3939
1002 3903
1003 4734
1004 5993
1005 5160
1006 4040
1007 3468
1008 3452
1009 2239
1010 3825
1011 1724
1012 1238
1013 2790
1014 1427
1015 6996
1016 5206
1017 7765
1018 3644
1020 4032
1021 5051
1022 5454
1023 5978
1025 6048
1026 3146
1027 2410
1028 2327
1029 7434
1030 3830
1031 4011
1032 3850
1033 6046
1034 6582
1035 1413
1036 7329
1037 5290
1038 5759
1039 5428
1040 3044
1041 3858
1042 7448
1043 2320
1044 5043
1045 7600
1046 2748
1047 3187
1048 3040
1050 7382
1051 5975
1052 4707
1053 4043
1054 1105
1056 5733
1057 5005
1059 5371
1060 5968
1061 1776
1062 6100
1063 2854
1065 4585
1066 6979
1067 4828
1069 2078
1070 6026
1071 6397
1072 2330
1074 6945
1075 3581
1076 6206
1077 5015
1078 6645
1079 7393
1080 7374
1081 1496
1083 5032
1084 6669
1085 7745
1086 3059
1087 5647
1088 1622
1089 1736
1090 5541
1091 1635
1092 4085
1093 6081
1094 1462
1095 6251
1096 3741
1097 2749
1099 7072
1100 6167
1101 2127
1102 3141
1103 4317
1104 6287
1106 2051
1107 4533
1108 1437
1109 3270
1111 5016
1112 6671
1113 2343
1114 1149
1115 3161
1116 3861
1117 3486
1118 6743
1120 5969
1121 3018
1122 7708
1123 4736
1124 5119
1125 6868
1126 5336
1127 4375
1128 7830
1129 1566
1130 7903
1131 7854
1132 2579
1133 7559
1134 5147
1135 1410
1136 4891
1137 6271
1138 5042
1139 7427
1140 7323
1141 2537
1142 3588
1143 3518
1144 4899
1145 1539
1146 2894
1147 3389
1148 5790
1150 5261
1151 7827
1152 3715
1153 7150
1154 1761
1155 3743
1156 6297
1157 6925
1158 6710
1159 2521
1160 3837
1161 5609
1163 5819
1164 6139
1165 4848
1166 7335
1167 7529
1168 2149
1169 7681
1170 5300
1171 6914
1172 5534
1173 4178
1174 2707
1175 3627
1176 7179
1177 3606
1178 7863
1179 4092
1180 3812
1181 2980
1182 7778
1183 4678
1184 4380
1186 6067
1187 1986
1189 7753
1190 3923
1192 7420
1193 1884
1196 3852
1198 2017
1199 3388
1200 7267
1201 4783
1202 4811
1203 6842
1205 5906
1206 6087
1207 6981
1208 5754
1209 6186
1210 6841
1211 1922
1212 4642
1213 2923
1214 4648
1215 6815
1216 2715
1217 4063
1218 6871
1219 6487
1220 2389
1221 5587
1222 7710
1223 4809
1224 2106
1225 4639
1226 6834
1227 2041
1228 7198
1229 1531
1231 3112
1232 4622
1233 4038
1234 4551
1237 4392
1239 2619
1240 4010
1241 5944
1243 7232
1244 2605
1245 3057
1246 4654
1247 5544
1248 3877
1249 6176
1250 6982
1251 5306
1253 3943
1255 2143
1256 6475
1257 2544
1258 3391
1260 1312
1261 7397
1262 1838
1263 2094
1264 4842
1265 7228
1267 5668
1268 2711
1269 5346
1270 7880
1271 2490
1272 5020
1273 3840
1274 5662
1275 1750
1276 5681
1277 5277
1278 4566
1279 4422
1281 2710
1282 3043
1283 6405
1284 2645
1285 7129
1286 5498
1287 4266
1288 1668
1289 5442
1290 7586
1291 2462
1292 1560
1293 7868
1294 1833
1295 5460
1296 5826
1297 3051
1298 6066
1299 2509
1300 7524
1303 3370
1305 5786
1306 7186
1307 3227
1308 6531
1311 3209
1313 6816
1314 1316
1315 4668
1318 7237
1319 4738
1320 3597
1322 6819
1323 6905
1324 4120
1326 2269
1327 5518
1328 2765
1329 5683
1331 2013
1332 2287
1333 7033
1334 5049
1335 1664
1336 6031
1337 6288
1338 4520
1340 3172
1341 3529
1342 4733
1343 7551
1344 2421
1345 2194
1346 3394
1347 2171
1348 4634
1349 3649
1350 7535
1351 6333
1352 6496
1353 3292
1354 4500
1355 4286
1356 6047
1357 1824
1358 2040
1359 4236
1360 4769
1361 2568
1362 7165
1363 6317
1364 6564
1365 2849
1366 6470
1367 6438
1368 2232
1369 3866
1370 5517
1371 5087
1372 6797
1373 5560
1374 6984
1375 4177
1376 2044
1377 4181
1378 4402
1379 6234
1380 5885
1381 4200
1382 3079
1383 6441
1384 2831
1387 3066
1388 2045
1389 7568
1390 7906
1391 5578
1395 6874
1396 3105
1397 6713
1399 3107
1400 5535
1401 5229
1403 6759
1404 3749
1405 7060
1406 5228
1407 3352
1408 1778
1409 2672
1411 7518
1412 3337
1415 4651
1416 6385
1418 6431
1420 5998
1421 4488
1422 7758
1423 3753
1424 4690
1425 3841
1426 5856
1428 2643
1429 7398
1430 2310
1431 4689
1432 6701
1433 2875
1435 1854
1436 1494
1438 2780
1439 5774
1440 1492
1441 7214
1442 6231
1443 6719
1444 5672
1445 6175
1446 5910
1447 2721
1448 4361
1449 4292
1450 5974
1452 5807
1454 4940
1455 4549
1457 7981
1458 4137
1459 6888
1460 4483
1461 7322
1464 6894
1466 6735
1467 7951
1469 2489
1470 4094
1471 3088
1472 7496
1473 5173
1474 2224
1475 3508
1476 5387
1477 2722
1478 3899
1479 5251
1480 7506
1481 7352
1482 7100
1483 2478
1484 7389
1485 4234
1486 2358
1487 6023
1488 1898
1489 1530
1490 7373
1493 4174
1495 7202
1497 2487
1498 4336
1499 3034
1500 5736
1502 4961
1503 2072
1504 7831
1505 5933
1506 7090
1507 5546
1508 2941
1509 1791
1511 6926
1512 4344
1513 2066
1514 2370
1515 5364
1517 2829
1518 7616
1519 3163
1521 3416
1522 7732
1523 5741
1524 7683
1525 3667
1526 4840
1527 6195
1528 6212
1529 5189
1532 4597
1533 5107
1534 6806
1535 5642
1536 3206
1537 2898
1538 2297
1540 2608
1541 5248
1543 6479
1544 2137
1545 6864
1546 3788
1547 7188
1549 6136
1550 7952
1551 2621
1552 4595
1554 4306
1555 5724
1557 4577
1558 2338
1561 3331
1562 5201
1563 2897
1564 4474
1567 6483
1568 2322
1570 6865
1572 4128
1573 3871
1574 6769
1575 6861
1577 3022
1578 3622
1579 6652
1580 5083
1581 5890
1582 5367
1584 1987
1585 6141
1586 2559
1587 1972
1588 5504
1589 3014
1590 4497
1591 6112
1592 4239
1593 3793
1594 2699
1595 7318
1597 4444
1598 2767
1599 5502
1600 3662
1601 4746
1602 6736
1603 6279
1604 2452
1605 3393
1606 7368
1607 7785
1608 7315
1609 5778
1610 5004
1611 4799
1612 7264
1613 1981
1614 2828
1615 4326
1616 5967
1617 3217
1618 4231
1619 3890
1620 7589
1621 2930
1623 7388
1624 3487
1625 6358
1627 6955
1628 4923
1629 3032
1632 3278
1636 6080
1637 7548
1638 4924
1639 3551
1640 2253
1641 6017
1642 2438
1643 6858
1645 1861
1646 5704
1647 3636
1648 5196
1649 6729
1650 4608
1651 3659
1652 1878
1653 5446
1654 5380
1655 7723
1656 6702
1657 5986
1658 7804
1659 7877
1660 5188
1661 3776
1662 2415
1663 3885
1665 6267
1667 7960
1669 5870
1670 6098
1671 6360
1672 6038
1673 2030
1674 7004
1675 6597
1676 7348
1678 5789
1679 3693
1680 7268
1681 3568
1682 2166
1683 5833
1684 6992
1685 2488
1686 3947
1687 5014
1689 4525
1690 7741
1691 6647
1692 1951
1693 7991
1694 7435
1696 7355
1697 7461
1698 4694
1699 2967
1700 4652
1701 4168
1702 6862
1704 7153
1705 6016
1706 4896
1707 5302
1708 4838
1709 6024
1710 3410
1711 7705
1712 5869
1713 5406
1714 2355
1715 3560
1716 6268
1717 2491
1718 3438
1719 2666
1720 4573
1721 4192
1723 6585
1725 3269
1727 3819
1728 5022
1729 6442
1730 7603
1731 6289
1732 3768
1733 2073
1735 2874
1737 2198
1740 6987
1741 7556
1742 7871
1744 6755
1745 5461
1747 4728
1748 3625
1749 4540
1751 3928
1752 6665
1753 6989
1754 3515
1755 6773
1756 1772
1757 5040
1759 3978
1763 5721
1764 3663
1765 5949
1766 2362
1767 3920
1770 2815
1771 6348
1773 6911
1774 2366
1775 2954
1777 3956
1779 7641
1781 4323
1782 7163
1783 5905
1784 2216
1785 4037
1786 6323
1787 4952
1788 6763
1789 7557
1790 6359
1792 7815
1793 2493
1794 7582
1795 4977
1797 7581
1799 5873
1800 2632
1803 3759
1804 3124
1805 4283
1806 6614
1807 2682
1808 7781
1809 3458
1810 2685
1811 4106
1812 5710
1813 6809
1814 4437
1815 6209
1817 1834
1818 3816
1819 5646
1820 4995
1821 2694
1822 2615
1823 2741
1825 6489
1826 6725
1827 5450
1828 3099
1829 6534
1830 2449
1831 2799
1832 5970
1835 4452
1837 6884
1839 7927
1840 7449
1841 4480
1843 7224
1844 2441
1848 4935
1849 4068
1850 7125
1851 4079
1852 2258
1853 3527
1855 5143
1856 7522
1857 4673
1858 3003
1859 3006
1862 6432
1863 7591
1864 3025
1865 5723
1866 2385
1867 4722
1868 6691
1870 2616
1872 3470
1873 6590
1874 6853
1875 6265
1876 7887
1877 7900
1879 5963
1880 5671
1881 6200
1882 5071
1883 7293
1886 4881
1887 5622
1888 5839
1889 3349
1891 3678
1893 7720
1894 2234
1895 5094
1896 5641
1897 6222
1899 5713
1900 2717
1901 2531
1902 3285
1903 7618
1904 3807
1905 6635
1906 3413
1907 2396
1910 7378
1911 3960
1913 3855
1915 4925
1916 7614
1917 3623
1918 5389
1919 3259
1920 2286
1921 5374
1923 5698
1924 2021
1925 5230
1926 5895
1927 7107
1928 6650
1931 5056
1932 4963
1933 7921
1934 4025
1935 7858
1936 3543
1937 7099
1938 4640
1939 2019
1940 4337
1941 5146
1942 7371
1943 4275
1944 4667
1946 7679
1947 7269
1948 5739
1949 4114
1950 7148
1952 6546
1953 5475
1954 7649
1955 6330
1956 3558
1957 3756
1959 4300
1960 5079
1961 5881
1962 3643
1963 5413
1964 6831
1965 5728
1966 2644
1967 2739
1968 5729
1970 2541
1971 7365
1973 5084
1974 3089
1975 5323
1976 6300
1977 6975
1978 2687
1979 7040
1980 6008
1982 3870
1985 6716
1989 5021
1990 6366
1991 2613
1992 2377
1993 5104
1995 6486
1996 5095
1997 2673
2000 7498
2001 6095
2003 2535
2004 2565
2007 6913
2008 5548
2009 2077
2010 4630
2011 6527
2012 3685
2014 6132
2015 5274
2018 7619
2020 6707
2022 2924
2023 2856
2024 2895
2025 5804
2026 4518
2029 4199
2031 6465
2032 2756
2033 7419
2034 3594
2035 3762
2036 4659
2037 7139
2042 2117
2043 3441
2046 3921
2047 3689
2048 7508
2050 2598
2052 3699
2053 5935
2054 2142
2056 3101
2057 4207
2060 4359
2061 3069
2062 2260
2063 3592
2064 3457
2065 3140
2067 7757
2068 6552
2071 4254
2074 7208
2075 7470
2076 7194
2079 2700
2080 6307
2081 6182
2082 4672
2083 6828
2084 3491
2085 5951
2086 3455
2087 7103
2089 4804
2090 7563
2091 7255
2092 2744
2095 6363
2096 4557
2098 7012
2099 4111
2100 5592
2101 7664
2102 6012
2103 5779
2104 6370
2107 6188
2108 6653
2109 3220
2110 5439
2112 2254
2114 3948
2115 5225
2116 4703
2118 5197
2119 5634
2120 6817
2121 5631
2122 3127
2123 7045
2124 2393
2125 3356
2126 3530
2128 5830
2130 6830
2131 5163
2132 3190
2133 7008
2134 3102
2135 2386
2136 4556
2138 2631
2139 3317
2140 7052
2141 3874
2144 2226
2145 4332
2146 3795
2147 6036
2148 7176
2150 7334
2151 7564
2152 5192
2153 3160
2154 4747
2155 5864
2156 4996
2157 4000
2158 4035
2160 3925
2161 3700
2162 4476
2163 3402
2164 3651
2165 7252
2167 7811
2168 5384
2169 4874
2170 7301
2172 4221
2173 7973
2174 6269
2175 2720
2176 6469
2177 3454
2178 2192
2179 3017
2181 5836
2182 5716
2183 5994
2184 6322
2185 7205
2187 3239
2188 3996
2190 5089
2191 6883
2193 5670
2195 7154
2196 3907
2197 5633
2199 5667
2200 7416
2201 5271
2202 5278
2203 6648
2204 6995
2205 2642
2206 3813
2207 3966
2209 5922
2210 7093
2211 5588
2212 7672
2213 4793
2214 6367
2215 5115
2217 5055
2218 4198
2220 6846
2221 3445
2222 3985
2223 4440
2225 5879
2227 7254
2229 3489
2230 3460
2231 5238
2233 4515
2235 6313
2236 6783
2237 3068
2238 5566
2240 3590
2241 4847
2242 5810
2243 6514
2244 6130
2245 2936
2246 5132
2247 5085
2248 6657
2249 6355
2250 7364
2251 7803
2252 7104
2255 7362
2256 3302
2257 5415
2259 2784
2261 7460
2262 2319
2263 3028
2264 7713
2265 6409
2266 5181
2267 2474
2268 3767
2270 4720
2271 4504
2272 3055
2273 4755
2274 2454
2275 3834
2276 5116
2277 3359
2278 3013
2279 2961
2280 4606
2281 2324
2282 6349
2284 3701
2285 7073
2288 3814
2289 7303
2290 3422
2291 7566
2292 7849
2294 3555
2295 7940
2296 2726
2298 5256
2299 7049
2300 3934
2301 6240
2302 7394
2303 3652
2304 5465
2305 5111
2306 4521
2307 7640
2308 3168
2309 5287
2311 5893
2312 4933
2313 2698
2314 4710
2315 2372
2316 7860
2317 6566
2318 7612
2323 7716
2325 3171
2326 4819
2328 7332
2329 5874
2331 6163
2332 4029
2333 5525
2334 7915
2335 2773
2336 2686
2337 5038
2339 7206
2340 3723
2341 7390
2342 4446
2344 3827
2345 6054
2347 4390
2348 7697
2349 3129
2351 7010
2352 7231
2353 5769
2354 4003
2356 3255
2357 3557
2359 5207
2361 5431
2364 5292
2365 5575
2367 2949
2369 2394
2371 4481
2373 4235
2374 6375
2375 5843
2376 2436
2378 3199
2379 3010
2380 2401
2381 6745
2382 7064
2387 4657
2388 7514
2390 7754
2391 4396
2392 4327
2397 4548
2398 6620
2399 4163
2400 5936
2402 3364
2404 3345
2405 6039
2406 6205
2408 5758
2409 3296
2411 6060
2412 6252
2413 7277
2416 2515
2417 4429
2418 2448
2420 2801
2422 4676
2423 2593
2426 3784
2427 5166
2428 6880
2429 7599
2430 5473
2431 5503
2432 6954
2433 7347
2434 7083
2435 3742
2437 6712
2439 3456
2440 4538
2442 3339
2443 5780
2445 7907
2446 7783
2447 7306
2450 2555
2453 6326
2456 4740
2457 6159
2458 4887
2460 3847
2463 7743
2464 4942
2465 4808
2466 3104
2470 6823
2472 7822
2473 6575
2475 3668
2476 3029
2477 7727
2479 3348
2481 5158
2483 5539
2484 7947
2485 5738
2486 5894
2494 4445
2495 6844
2496 7977
2497 7414
2498 6435
2499 4610
2500 6369
2501 6666
2504 2525
2505 3791
2506 4439
2507 7894
2508 7883
2510 6211
2512 4385
2513 7022
2516 7141
2517 3585
2518 3669
2519 6654
2520 5808
2522 3686
2523 7086
2524 4563
2526 7604
2527 6720
2528 7901
2529 7490
2530 5980
2532 3319
2534 6579
2536 6859
2538 3760
2539 4109
2540 7588
2543 6821
2545 7078
2546 4753
2547 5082
2548 6956
2549 6800
2550 5540
2551 4352
2552 6528
2553 6723
2554 7519
2556 6934
2557 3119
2560 3253
2561 7407
2562 3979
2563 3570
2564 4905
2566 4725
2567 6733
2569 6088
2570 7505
2571 5122
2572 5867
2574 2851
2575 7817
2576 3933
2577 6402
2578 7370
2580 4486
2581 3744
2582 6074
2583 7025
2584 5799
2585 6082
2586 4005
2587 6738
2589 6372
2590 3272
2591 3180
2592 7324
2594 6832
2597 3464
2599 4304
2600 4075
2601 7092
2602 3593
2603 3575
2604 5853
2607 5690
2609 3204
2610 6838
2611 2982
2612 4718
2614 7302
2617 3981
2618 3145
2620 4616
2622 3225
2623 7747
2624 5155
2625 3912
2627 3065
2629 6019
2630 7185
2633 5011
2634 3995
2635 4605
2636 7386
2637 6850
2638 5846
2639 5522
2640 2662
2641 6347
2646 5264
2647 7126
2648 3361
2649 5348
2650 3950
2651 4465
2652 5288
2654 3496
2655 5677
2656 5019
2657 3918
2658 3712
2659 3076
2660 7696
2661 4677
2663 7605
2664 4699
2665 6207
2667 5343
2668 4498
2669 5325
2670 3902
2671 6464
2674 4575
2675 2779
2678 3940
2679 6906
2681 2733
2683 4729
2684 5262
2688 7709
2689 5432
2690 3372
2691 3063
2692 7239
2693 7396
2695 5752
2696 3959
2697 7480
2702 7552
2703 5526
2704 2766
2705 6840
2708 2981
2709 2719
2712 5404
2713 6460
2714 4945
2716 4785
2718 4726
2723 5154
2725 4509
2727 3419
2728 4217
2729 7270
2730 5591
2731 6515
2732 5538
2734 7249
2735 2917
2736 7924
2737 5492
2740 4803
2742 4688
2743 7932
2745 4658
2746 6673
2747 3922
2750 4708
2752 7196
2753 6225
2757 7349
2760 5223
2761 4582
2762 6068
2763 7300
2768 5028
2769 7948
2770 3488
2771 5112
2772 6340
2775 3070
2776 7116
2777 7776
2778 2973
2781 2912
2782 4026
2783 6714
2785 4045
2786 7262
2787 5675
2789 5050
2792 6338
2793 7221
2794 5884
2795 5006
2796 4646
2797 7966
2798 7630
2800 4362
2802 6918
2803 4510
2804 3752
2805 3354
2807 5981
2808 3056
2809 6940
2810 6739
2812 3379
2813 3212
2814 2997
2816 6770
2817 6636
2818 3567
2819 6825
2820 4316
2821 6937
2822 4938
2823 3500
2824 2990
2825 5305
2826 7579
2830 3403
2832 7492
2833 2985
2835 5434
2837 7715
2838 6416
2839 7546
2840 3342
2842 5798
2845 6021
2846 6001
2847 5844
2848 6140
2850 4042
2852 4867
2853 7036
2857 6947
2858 7841
2859 7916
2861 3739
2862 3624
2864 5800
2865 4791
2868 7422
2869 4589
2870 4621
2872 4490
2873 6302
2876 7184
2877 3058
2878 7992
2879 3838
2880 3267
2882 5246
2883 4407
2884 5923
2885 4858
2886 4801
2887 4197
2888 3962
2889 3213
2891 7761
2892 3961
2893 7802
2896 7487
2899 5702
2900 4796
2901 3953
2902 5359
2903 7985
2904 6896
2905 6550
2906 6156
2907 3831
2908 5388
2909 4777
2910 7963
2911 6658
2914 5247
2915 7226
2916 2927
2918 4594
2919 3282
2920 4084
2921 6544
2925 4087
2928 4268
2931 4882
2932 7111
2933 5957
2934 3075
2935 3254
2937 4876
2938 6583
2939 7942
2942 4314
2943 4586
2944 4215
2945 5410
2946 7310
2947 7675
2948 4543
2950 5093
2952 4724
2955 4664
2956 5937
2957 7071
2958 6242
2960 4539
2962 5748
2963 7837
2964 3980
2965 4156
2966 4119
2968 4024
2969 4419
2970 3151
2972 3886
2974 6706
2975 6430
2976 4816
2977 5141
2978 7102
2979 4937
2983 7530
2984 4782
2986 5696
2988 3377
2989 6843
2991 4188
2992 4679
2993 3867
2995 4584
2996 5673
2998 7691
2999 3333
3000 7738
3001 7344
3002 7782
3004 6977
3005 4434
3008 6670
3011 4784
3012 6951
3016 7946
3019 6177
3020 6476
3023 5444
3027 3878
3030 7337
3031 3446
3035 6624
3036 6015
3037 7062
3038 5060
3041 5399
3042 6870
3045 5321
3046 3397
3047 7910
3048 7443
3049 7677
3050 3672
3052 6424
3053 5781
3054 6301
3060 4666
3061 6429
3062 4280
3067 3093
3071 4601
3072 4626
3073 5471
3080 5644
3081 7321
3082 4251
3084 6029
3085 3233
3086 6226
3087 6147
3090 4058
3091 6377
3092 5304
3094 3639
3095 4970
3096 7704
3097 6593
3098 5528
3100 6529
3106 6181
3108 7481
3109 6586
3110 5577
3111 5398
3113 6698
3114 6020
3115 4946
3116 5183
3117 6781
3118 3181
3120 3133
3121 5565
3122 4216
3123 6342
3125 5429
3126 5327
3128 4947
3130 5549
3131 4331
3132 5883
3135 5636
3136 3810
3137 6638
3138 6685
3139 4468
3144 4680
3147 6622
3148 4194
3149 7053
3150 4770
3152 5219
3153 3653
3156 5280
3157 6711
3158 5334
3159 6264
3162 4576
3164 5950
3165 4190
3166 7381
3167 4743
3173 4325
3176 6354
3177 6387
3179 6976
3182 6798
3183 6824
3184 4810
3185 6805
3186 6525
3188 7661
3189 7657
3191 7542
3192 3820
3193 4655
3195 4714
3196 4450
3198 3351
3201 7733
3203 4103
3205 6790
3207 7296
3214 7751
3215 3789
3216 5912
3218 4709
3222 4273
3223 4334
3224 3619
3226 6822
3228 5356
3229 4772
3230 7615
3231 7578
3232 5852
3234 3945
3236 5209
3240 6345
3242 6941
3244 4355
3246 7958
3247 5987
3248 5295
3249 6414
3250 5052
3251 7891
3252 6295
3256 3893
3257 6554
3260 7923
3261 7904
3262 4051
3263 6499
3264 5063
3265 3312
3268 6966
3271 5524
3273 5061
3274 6218
3276 5871
3277 5215
3280 4276
3281 4208
3284 6217
3289 7662
3290 5067
3291 5761
3293 5806
3294 4853
3295 6728
3297 5265
3298 5330
3299 3769
3300 4691
3301 7070
3303 5747
3304 6869
3305 4189
3306 7596
3307 5391
3308 5344
3310 6796
3311 7001
3313 7037
3314 4475
3315 7011
3316 7544
3320 4705
3321 6601
3322 7380
3323 6133
3324 5545
3325 7117
3326 6907
3327 4613
3328 7421
3329 3905
3330 3895
3334 5289
3335 7259
3336 4522
3338 6618
3340 3718
3341 5414
3344 4529
3346 5211
3347 5319
3353 3875
3355 4057
3357 4150
3358 3766
3360 7006
3362 3520
3363 3750
3365 5270
3366 6898
3367 3703
3368 5509
3369 6473
3371 5296
3373 3908
3374 5849
3376 6346
3378 7391
3382 7130
3383 3913
3384 4890
3385 3478
3386 3554
3387 6826
3390 7694
3392 5501
3398 3747
3399 4859
3400 7395
3401 6457
3404 5817
3405 5643
3406 5249
3407 7689
3408 5281
3409 7501
3411 6895
3412 3958
3414 4950
3415 6836
3421 3517
3423 3634
3424 7174
3425 4170
3427 4909
3428 7361
3429 3930
3430 4902
3431 5772
3432 6488
3435 5818
3437 7366
3439 5469
3440 5024
3442 7412
3444 5802
3447 6599
3448 5363
3449 5656
3450 6543
3451 6407
3453 3507
3459 6117
3461 5120
3462 6194
3463 4625
3465 7280
3466 3775
3467 5877
3469 5368
3471 7725
3475 5481
3476 7976
3479 3740
3480 3927
3481 4281
3483 5701
3485 4645
3490 5964
3492 7567
3493 4270
3494 6775
3495 7543
3497 5474
3498 7995
3499 5720
3501 5227
3502 7212
3503 7488
3504 5862
3505 7243
3506 6325
3509 5003
3510 5938
3511 5576
3513 6893
3514 4201
3516 4347
3521 7020
3522 6138
3523 3998
3525 5080
3526 5294
3531 5645
3532 4147
3533 3880
3537 5156
3538 5412
3539 6986
3540 6983
3541 7866
3542 3735
3544 4886
3545 5876
3547 7495
3552 5977
3559 7410
3561 4485
3562 7547
3563 5823
3565 6184
3566 4773
3571 7475
3572 7653
3574 7428
3576 6004
3577 7784
3578 6183
3579 4631
3580 4466
3582 4404
3583 7256
3584 7555
3586 6436
3587 4342
3589 7789
3591 7631
3595 7805
3596 7632
3598 3656
3600 5453
3601 6910
3602 4261
3603 7955
3604 4146
3607 5753
3608 5369
3611 7189
3612 7538
3615 4030
3617 7534
3618 5127
3620 6837
3621 4308
3628 6482
3629 7897
3631 4764
3632 6902
3633 4508
3635 6171
3638 5081
3640 4545
3642 6011
3645 6584
3646 4682
3647 4108
3648 5882
3650 6631
3654 7222
3655 4007
3657 3745
3660 5284
3661 4686
3664 5269
3665 4230
3666 5927
3670 4775
3671 7418
3673 6263
3674 7807
3675 5255
3676 5732
3677 5520
3679 6027
3680 4136
3681 4363
3682 5402
3683 4892
3684 4759
3687 7928
3688 6611
3690 5997
3691 7309
3694 5074
3695 7739
3696 7577
3697 4391
3698 5603
3702 7068
3704 7207
3707 7742
3708 6418
3709 3951
3714 6931
3716 7109
3717 5531
3721 4340
3722 6319
3724 4249
3725 4464
3726 7135
3727 7842
3729 7245
3730 6384
3731 6675
3733 6169
3734 6423
3736 5792
3737 4418
3738 6270
3746 4255
3748 4134
3757 5113
3758 7569
3761 6272
3764 6678
3765 6494
3770 6680
3771 7360
3772 7823
3773 4860
3774 4643
3778 7158
3779 4697
3780 5282
3781 4614
3783 7532
3785 5858
3786 5623
3787 6990
3790 7597
3792 6417
3794 4650
3796 4564
3797 7401
3798 4210
3799 6642
3800 6909
3803 5899
3804 3891
3805 5373
3806 5489
3808 4127
3809 7968
3811 4416
3815 5618
3817 7039
3822 4731
3823 7003
3824 7768
3826 3881
3828 7363
3829 7989
3832 5349
3833 5868
3839 5820
3842 5366
3843 6814
3845 5657
3848 4209
3853 4477
3857 7201
3860 4388
3862 6492
3863 7584
3865 5190
3869 7737
3872 5516
3873 5558
3879 6439
3882 7028
3883 7054
3887 5139
3888 7914
3889 6766
3892 5382
3894 5135
3896 4226
3897 6697
3898 4012
3900 6150
3901 6051
3904 4484
3906 4066
3910 5326
3911 6708
3914 5610
3915 7213
3916 4016
3917 4609
3919 6674
3924 4341
3929 4113
3931 4669
3932 6615
3935 7331
3936 5445
3937 7908
3938 7957
3941 7920
3944 5244
3946 7726
3949 4915
3952 4018
3954 4889
3957 4868
3963 5433
3964 4019
3965 6677
3967 6042
3968 5875
3969 6129
3971 5485
3972 7645
3973 5629
3974 4615
3975 5351
3976 5133
3982 6362
3983 4252
3984 5458
3986 5991
3988 5840
3989 5459
3990 4456
3991 6403
3992 6692
3993 5685
3994 7670
3997 6679
3999 4723
4001 6180
4002 4662
4006 6006
4008 4916
4009 5408
4013 5333
4014 4091
4015 5417
4017 6224
4020 5397
4021 7242
4022 7075
4023 5208
4027 4526
4028 5536
4031 4099
4034 7320
4036 7706
4039 6153
4041 5766
4044 4798
4046 5880
4047 7009
4048 5070
4049 6425
4050 6765
4052 4320
4054 5195
4055 6812
4056 6778
4059 4894
4060 5237
4061 6215
4062 6518
4064 5561
4065 4259
4069 7764
4071 6717
4072 7621
4073 5989
4074 7273
4076 5515
4077 7729
4080 6210
4081 6533
4082 6421
4086 7637
4090 4832
4095 7893
4097 5682
4098 4282
4101 6415
4102 6076
4104 4800
4105 5048
4110 6284
4112 4815
4118 4955
4121 4919
4122 6889
4124 5764
4125 6204
4126 7714
4129 7620
4130 5842
4131 6563
4132 4966
4133 6276
4135 6202
4138 6899
4139 6750
4140 6328
4142 6605
4143 5706
4144 5109
4145 4512
4148 4617
4149 4278
4152 7954
4153 5350
4154 5170
4155 5765
4157 4357
4160 4364
4161 6695
4162 5303
4164 4776
4165 4627
4169 6792
4171 7155
4172 4831
4173 5687
4175 6942
4176 5258
4179 7736
4180 4187
4182 7151
4183 5307
4184 4701
4185 4560
4191 6401
4193 7328
4196 4471
4202 6101
4203 7843
4204 7878
4205 4274
4206 4681
4212 7652
4213 7087
4214 7539
4220 5735
4222 6892
4223 6703
4224 5053
4225 5182
4227 5214
4228 5722
4229 6628
4233 4530
4237 5756
4238 6290
4240 6506
4241 7790
4242 4862
4243 5784
4245 5105
4246 7851
4248 5530
4250 6509
4253 5136
4257 6756
4258 7574
4260 4903
4262 6912
4263 5988
4264 6857
4265 5828
4267 4285
4269 6965
4271 7485
4272 4914
4277 7216
4279 5263
4284 4297
4287 7442
4288 4730
4289 5440
4290 5400
4291 7095
4293 7936
4294 6058
4295 6591
4296 5617
4299 4628
4302 4834
4303 7795
4305 6070
4307 5009
4310 5809
4311 6788
4312 6643
4313 7197
4315 4883
4318 4742
4319 7748
4321 7482
4322 5654
4324 4588
4328 7413
4333 4441
4335 7464
4338 6411
4339 6901
4346 6388
4348 5920
4350 5837
4351 6588
4356 5663
4365 4854
4366 4825
4367 5315
4368 4473
4370 7872
4371 7046
4372 5726
4374 5497
4377 6508
4378 4911
4379 6740
4381 7326
4382 5796
4383 7786
4384 4570
4386 4756
4387 7285
4389 5734
4395 6526
4398 6365
4399 5226
4400 7859
4401 7294
4403 7943
4405 6191
4406 4636
4408 5476
4409 7875
4410 7359
4411 5834
4414 5652
4415 7454
4417 6337
4420 7853
4421 7918
4423 4982
4424 5620
4425 4763
4426 4453
4427 5580
4428 6953
4430 5420
4436 7199
4438 5500
4447 5632
4448 6073
4454 5276
4458 4986
4459 5419
4460 6079
4461 7669
4462 4671
4467 4528
4469 7236
4472 7351
4478 4972
4479 5175
4482 6999
4489 5186
4491 6988
4492 5570
4493 4572
4495 7138
4496 7829
4501 5034
4502 7583
4503 6676
4505 6721
4506 4871
4507 6804
4511 7572
4513 6412
4514 4719
4516 4879
4517 7533
4519 5322
4524 7223
4527 6558
4532 6786
4534 4591
4535 6694
4537 5813
4541 5740
4542 6503
4544 6626
4546 5616
4547 7982
4550 6761
4552 7636
4553 5378
4554 7127
4558 6603
4559 5184
4561 7038
4567 5727
4568 4794
4569 5375
4571 7994
4574 7357
4578 7993
4579 6093
4580 5328
4581 6973
4583 6063
4587 6649
4590 5908
4592 5145
4593 7399
4596 7939
4599 5490
4600 7625
4602 4754
4603 6690
4607 5615
4611 5770
4612 5959
4618 5888
4620 5897
4623 4931
4624 4908
4632 7886
4633 5463
4637 4869
4638 4929
4641 7855
4644 7032
4647 7143
4653 4670
4656 5377
4660 6532
4661 4712
4663 6382
4665 7266
4675 7288
4684 6324
4685 5045
4687 7023
4692 6619
4693 5172
4695 7602
4698 6352
4702 6371
4704 7857
4706 5059
4713 6803
4716 7471
4721 4976
4727 7523
4732 6043
4735 7680
4737 5669
4739 5860
4741 5126
4744 6291
4745 6090
4749 7941
4750 5512
4751 5385
4757 6308
4758 6878
4760 7147
4761 7698
4765 4960
4766 7118
4767 6863
4768 5611
4771 7031
4778 5425
4779 6381
4780 5097
4781 6662
4786 6516
4787 5650
4788 6655
4789 7949
4790 6730
4792 7526
4797 7035
4802 6446
4805 5370
4807 7869
4812 6350
4817 5692
4818 6794
4822 4958
4824 7253
4826 4917
4829 7892
4830 6327
4833 6466
4836 7516
4837 5130
4843 7712
4844 6083
4846 7248
4849 5057
4850 6936
4851 5805
4852 4998
4855 7406
4856 7295
4857 6197
4863 7250
4864 7665
4866 5782
4872 6633
4873 6334
4875 5106
4877 6924
4878 7558
4880 7986
4885 6553
4888 7096
4893 5114
4895 7814
4897 7911
4898 5768
4901 4954
4907 5213
4913 5076
4918 7183
4920 7879
4921 5449
4922 7799
4926 5966
4927 6682
4928 4949
4936 7856
4941 7128
4943 6356
4944 6547
4948 7346
4956 7685
4959 6491
4962 6420
4964 6075
4967 5579
4968 6960
4969 5033
4974 7905
4975 5594
4978 6404
4980 5069
4983 6780
4984 6687
4985 6213
4987 7585
4988 6829
4990 6495
4991 7964
4992 7693
4993 5866
4994 7133
4997 6233
4999 6220
5001 5563
5002 6221
5007 6196
5008 7970
5010 6919
5012 6971
5013 6646
5017 6709
5018 6462
5023 5896
5025 6693
5026 6099
5027 6557
5029 7387
5035 6752
5036 5121
5037 5863
5046 5311
5047 6923
5058 5684
5062 5403
5065 5872
5068 5939
5072 5760
5073 6565
5078 6455
5086 6392
5088 6493
5091 7426
5092 6576
5096 7219
5098 6478
5099 5493
5101 5178
5108 7767
5110 7654
5123 5298
5131 5409
5134 7057
5137 7082
5142 6922
5144 7247
5148 7648
5149 7639
5150 5926
5151 7549
5152 6437
5157 7319
5159 7888
5161 7358
5162 7007
5165 6237
5168 5845
5169 5567
5171 6115
5174 6445
5177 7521
5180 7229
5185 7988
5187 5931
5191 7818
5193 5301
5198 7717
5199 7085
5202 5918
5203 5757
5210 6659
5212 7425
5216 6010
5217 5857
5218 5559
5220 5390
5221 7445
5231 6757
5233 7575
5234 7826
5236 7055
5239 7731
5241 6137
5242 6059
5243 7626
5245 5773
5252 5932
5253 6811
5254 5731
5259 6154
5260 6820
5267 6259
5268 6106
5273 7077
5275 7097
5279 6311
5283 5619
5285 6523
5291 7260
5308 7971
5309 5816
5310 5355
5312 7440
5313 7146
5314 7813
5316 7707
5317 5742
5318 6161
5320 7272
5324 7902
5329 5537
5331 6304
5332 6471
5338 6751
5339 5586
5341 6760
5342 5614
5347 6127
5352 6555
5357 7059
5358 6357
5360 5979
5362 6185
5365 7961
5372 6216
5379 6785
5381 7124
5386 7606
5392 7719
5393 7290
5394 5595
5395 5915
5396 5418
5401 6339
5405 6057
5407 6241
5411 7339
5422 5680
5423 5441
5424 7330
5426 7105
5427 6722
5436 6062
5437 6228
5438 6201
5443 7703
5447 6596
5448 6477
5455 6109
5457 7833
5462 5664
5464 6768
5466 6275
5467 6128
5468 7650
5472 6383
5477 5597
5478 6867
5479 5711
5480 7367
5482 6413
5484 6537
5486 6025
5487 6244
5488 6625
5494 7700
5506 5797
5507 5947
5508 7281
5510 7451
5513 6111
5519 7069
5521 7369
5529 7666
5533 7896
5542 5776
5543 6320
5547 6410
5550 7777
5551 5568
5553 6974
5556 6592
5557 6753
5564 7106
5569 7225
5571 7821
5574 6485
5581 7573
5582 5593
5583 7441
5584 6376
5585 7432
5589 7325
5590 6118
5596 7462
5598 7513
5599 5861
5602 6890
5604 6033
5605 7438
5606 6223
5613 6198
5621 7836
5624 6255
5625 5854
5626 6018
5627 5900
5630 7934
5635 7642
5637 7304
5639 6621
5651 6772
5653 6538
5655 7819
5658 6309
5660 6808
5661 7313
5665 7437
5676 6103
5678 7030
5679 6541
5686 6312
5688 6522
5691 6570
5693 7808
5694 6968
5695 7609
5697 7701
5699 6872
5700 7735
5703 6125
5705 6539
5708 5745
5712 6456
5715 6774
5718 6684
5719 6131
5725 6440
5730 7832
5746 6536
5749 6970
5750 7969
5755 6089
5763 5850
5767 7793
5775 6944
5777 7134
5783 5848
5785 6513
5787 7834
5788 7014
5793 7899
5794 7483
5795 7403
5801 7200
5811 7094
5812 5887
5814 6009
5821 6245
5822 7275
5824 6952
5827 7423
5829 5903
5831 7882
5832 6296
5838 6172
5841 6120
5847 7608
5851 7668
5855 7187
5865 6450
5886 7873
5889 7005
5891 5892
5901 6660
5907 6734
5913 7930
5914 7980
5916 6449
5921 7015
5925 7801
5928 6040
5930 6108
5934 7193
5940 7511
5941 5961
5942 6600
5943 6715
5945 7601
5952 6052
5953 7628
5956 6329
5971 6980
5976 6998
5983 7590
5990 6162
5996 7172
5999 6374
6000 6013
6002 7956
6003 7688
6005 6451
6007 7079
6028 6393
6030 6827
6032 6395
6035 7812
6037 6609
6041 7016
6044 7312
6049 6835
6050 6754
6055 6235
6056 6500
6061 6187
6065 6779
6069 7144
6071 6886
6072 6256
6077 6758
6078 6855
6084 6928
6085 7385
6086 6627
6091 6556
6096 7002
6102 7917
6104 7444
6107 6637
6110 7286
6113 6158
6114 6453
6119 6274
6123 7997
6124 7307
6126 6504
6134 6572
6142 7180
6146 7227
6148 6193
6149 6641
6152 6882
6155 6791
6165 6386
6166 7058
6168 6380
6170 6932
6173 7541
6174 6595
6178 6741
6179 7598
6192 7885
6208 7771
6214 6962
6219 7282
6227 6232
6229 7115
6230 7560
6238 6801
6246 6247
6249 7749
6250 6277
6253 7711
6254 6833
6257 7160
6258 6606
6260 6856
6261 6510
6262 6644
6266 7889
6273 7024
6278 6569
6280 7497
6281 7297
6282 7913
6283 7453
6286 7595
6292 7774
6294 6315
6299 7540
6305 6472
6306 6854
6314 6950
6316 7718
6318 6904
6335 7088
6336 7211
6341 7182
6344 6795
6361 7999
6364 7466
6373 6860
6378 6634
6379 6929
6391 7338
6394 7246
6396 7647
6399 6683
6400 6700
6406 7763
6408 7044
6419 7479
6422 7013
6426 7063
6428 7409
6433 7772
6443 6630
6447 7695
6452 6964
6458 7744
6459 6839
6463 7770
6467 6885
6480 7561
6497 6705
6501 7852
6505 6997
6511 7570
6512 7682
6519 7447
6540 7800
6542 7278
6545 6560
6559 7984
6561 7149
6562 7121
6567 7978
6571 7026
6573 6959
6577 6731
6580 7436
6581 7114
6589 6991
6602 7156
6608 6877
6612 7291
6617 7493
6629 7043
6639 6943
6640 7169
6651 7643
6661 7299
6663 7864
6664 7354
6672 6876
6686 7571
6688 7517
6689 6845
6718 7446
6724 7937
6726 7983
6727 7629
6737 7235
6742 7553
6744 7512
6746 7646
6767 7730
6776 7663
6777 7140
6787 7457
6793 7502
6802 7809
6810 7424
6813 7458
6847 7164
6848 7091
6851 7779
6852 6891
6866 7593
6875 7987
6881 7404
6897 7773
6920 7175
6927 7760
6933 7276
6935 7580
6939 7061
6946 7019
6949 7455
6957 7660
6958 7122
6961 7234
6963 7931
6969 7972
6972 7308
6985 7990
6994 7463
7000 7311
7017 7690
7029 7157
7034 7271
7041 7333
7047 7617
7056 7788
7074 7965
7076 7667
7080 7953
7089 7550
7098 7341
7101 7218
7113 7638
7119 7279
7120 7376
7132 7204
7142 7431
7159 7867
7162 7945
7170 7613
7171 7316
7173 7756
7190 7340
7192 7433
7209 7796
7210 7353
7217 7587
7238 7676
7240 7633
7241 7292
7244 7861
7251 7810
7261 7402
7265 7486
7287 7659
7298 7724
7327 7791
7336 7384
7343 7509
7345 7656
7356 7439
7400 7780
7415 7500
7417 7975
7430 7845
7465 7929
7472 7884
7494 7912
7527 7979
7528 7755
7537 7870
7607 7622
7623 7828
7651 7766
7671 7787
7673 7684
7686 7909
7728 7925
7734 7998
7746 7874
7798 7839
7806 7922
7820 7846
7824 7938
7835 7967
7876 7950
0